TODO:

Create sudoku board importer
expand to larger sizes
Make graphical
Make in Java

    board = [
        [7, 8, 0, 4, 0, 0, 1, 2, 0],
        [6, 0, 0, 0, 7, 5, 0, 0, 9],
        [0, 0, 0, 6, 0, 1, 0, 7, 8],
        [0, 0, 7, 0, 4, 0, 2, 6, 0],
        [0, 0, 1, 0, 5, 0, 9, 3, 0],
        [9, 0, 4, 0, 6, 0, 0, 0, 5],
        [0, 7, 0, 3, 0, 0, 0, 1, 2],
        [1, 2, 0, 0, 0, 7, 4, 0, 0],
        [0, 4, 9, 2, 0, 6, 0, 0, 7]
    ]

    board = [
        0, 0, 0, 0, 0, 0, 0, 0, 0,
        0, 1, 2, 0, 3, 4, 5, 6, 7,
        0, 3, 4, 5, 0, 6, 1, 8, 2,
        0, 0, 1, 0, 5, 8, 2, 0, 6,
        0, 0, 8, 6, 0, 0, 0, 0, 1,
        0, 2, 0, 0, 0, 7, 0, 5, 0,
        0, 0, 3, 7, 0, 5, 0, 2, 8,
        0, 8, 0, 0, 6, 0, 7, 0, 0,
        2, 0, 7, 0, 8, 3, 6, 1, 5
    ]